7.147453834683287255e+01 1.028288382317037986e+02 3.486905670166015625e+01
7.195472744212430882e+01 1.191023453237496028e+02 3.365520477294921875e+01
7.437542198031556495e+01 1.355881481574563452e+02 3.328658294677734375e+01
7.735289994782093004e+01 1.516574259320427416e+02 3.410246276855468750e+01
8.020266286812577050e+01 1.699578005801930374e+02 3.884239959716796875e+01
8.629886462641698586e+01 1.880264039761412675e+02 5.006393814086914062e+01
9.403776131424250195e+01 2.022278074855430816e+02 6.840702056884765625e+01
1.071019124348958513e+02 2.139199325741039104e+02 8.629179382324218750e+01
1.278565216662837400e+02 2.205342402918199127e+02 9.372713470458984375e+01
1.484285721722771711e+02 2.166482521087048667e+02 9.355870056152343750e+01
1.682347860897289422e+02 2.065563748109107394e+02 8.062565612792968750e+01
1.839634592692057993e+02 1.941407668648514289e+02 6.386333084106445312e+01
1.949159553079045111e+02 1.780414918667662505e+02 5.242547225952148438e+01
2.000712877460555603e+02 1.603665353094363013e+02 4.932308959960937500e+01
2.025054263245826576e+02 1.418587688251570285e+02 5.153928375244140625e+01
2.037662171008541065e+02 1.239387037269741825e+02 5.427113342285156250e+01
2.049423004150391705e+02 1.064381727510339886e+02 5.789268875122070312e+01
7.779919538310930704e+01 8.971174494724644433e+01 9.931570434570312500e+01
8.357332063562729729e+01 8.572474298215375654e+01 1.111522369384765625e+02
9.150895400701786286e+01 8.485849308986286132e+01 1.205588073730468750e+02
9.929411420635150876e+01 8.663135168337350933e+01 1.261233978271484375e+02
1.064675338745117443e+02 8.878798592062554462e+01 1.291340484619140625e+02
1.431896531647327322e+02 8.934144003176217552e+01 1.347989196777343750e+02
1.504499687045228882e+02 8.772994661817359940e+01 1.346571044921875000e+02
1.603347343893612731e+02 8.682233378391634915e+01 1.326120300292968750e+02
1.723109123678769095e+02 8.918413808785228980e+01 1.269291229248046875e+02
1.809552768482882357e+02 9.488840103448602292e+01 1.171055068969726562e+02
1.244852233886719119e+02 1.124606224389169427e+02 1.309796295166015625e+02
1.234379359824985016e+02 1.263859193869197952e+02 1.367738037109375000e+02
1.234960489310470706e+02 1.392251046752929824e+02 1.421690063476562500e+02
1.234781546798407277e+02 1.500057772049249536e+02 1.431020355224609375e+02
1.119837403839709964e+02 1.564324554922066568e+02 1.206534805297851562e+02
1.164793007046568931e+02 1.585922422401577876e+02 1.251821594238281250e+02
1.235377888399012249e+02 1.612643570125804331e+02 1.278165893554687500e+02
1.288739186006434352e+02 1.594434001129748992e+02 1.270821914672851562e+02
1.353614586923636978e+02 1.578189597215839513e+02 1.242161483764648438e+02
8.766445219750498552e+01 1.072653915584788251e+02 1.056708679199218750e+02
9.272225362740311994e+01 1.035985512408088027e+02 1.137606430053710938e+02
1.006018156762216762e+02 1.046573611569871787e+02 1.157698974609375000e+02
1.086489111507640359e+02 1.099239955707624574e+02 1.139828262329101562e+02
1.015124942854339167e+02 1.118773779356713192e+02 1.139261398315429688e+02
9.297099172554764834e+01 1.105969715372721112e+02 1.110895690917968750e+02
1.432954574285769525e+02 1.120492348046396103e+02 1.204140014648437500e+02
1.510015146292892609e+02 1.077021460619159541e+02 1.249440078735351562e+02
1.592988293816062253e+02 1.073654112153894573e+02 1.253845138549804688e+02
1.664000982546339458e+02 1.114491835829790602e+02 1.200267410278320312e+02
1.595252230176739374e+02 1.145197623638078142e+02 1.230863494873046875e+02
1.503934837191713143e+02 1.147736245428346820e+02 1.224967269897460938e+02
1.009066584568397928e+02 1.785823893109490257e+02 1.040344238281250000e+02
1.083211768056832369e+02 1.756164405254289420e+02 1.173420410156250000e+02
1.180505787568934153e+02 1.739992192167394478e+02 1.248777008056640625e+02
1.240650354123583412e+02 1.757243798229741287e+02 1.258617248535156250e+02
1.282430027980430793e+02 1.747052882056142948e+02 1.263180618286132812e+02
1.400901713651769853e+02 1.776663664455039964e+02 1.215700531005859375e+02
1.507264422248392179e+02 1.815019278013940323e+02 1.117608718872070312e+02
1.397982588824104369e+02 1.882954982862285931e+02 1.180273361206054688e+02
1.322542240516812626e+02 1.913764987003102362e+02 1.198890075683593750e+02
1.249551443062576936e+02 1.918245622103822257e+02 1.199123458862304688e+02
1.156961836870979141e+02 1.907337201167088381e+02 1.172968368530273438e+02
1.094111181820140359e+02 1.867426615875842799e+02 1.133172912597656250e+02
1.033950602512733781e+02 1.784550745825674198e+02 1.050104064941406250e+02
1.166450060077742421e+02 1.794208037013633827e+02 1.184142074584960938e+02
1.245836484422871138e+02 1.799254055726294723e+02 1.216713562011718750e+02
1.316125129849303335e+02 1.807157550168505225e+02 1.206875915527343750e+02
1.491420737472235487e+02 1.817980970076018821e+02 1.120625305175781250e+02
1.315539730296415826e+02 1.833061113424862469e+02 1.198441696166992188e+02
1.248641518387140366e+02 1.836590991330614600e+02 1.197355651855468750e+02
1.166503035601447920e+02 1.826631059115541120e+02 1.172541046142578125e+02
